((("cmd_result2" .
   [1 0 0 0 0 0 0 0 0 0 0])
  ("cmd_result1" .
   [0 0 0 0 0 0 0 2 0 1 0])
  ("cmd_count" .
   [1 0 0 0 0 0 0 0 0])
  ("temp_24" .
   [0 0 0 0 0 0 1])
  ("temp23" .
   [0 0 0 0 1 0])
  ("temp_21_22_23" .
   [0 0 0 0 0 0 0 1 0 0 0 0 0])
  ("namespaces" .
   [1 0 0 0 0 0 0 0 0 0])
  ("cmd_line_21_22_23" .
   [0 0 0 0 0 0 0 0 0 0 1 1 0 0 0 0 0])
  ("system" .
   [5 0 0 0 0 0])
  ("cmd_line_24" .
   [2 0 0 0 0 0 1 0 0 0 0])
  ("data_path_21_22_23" .
   [0 0 0 0 0 0 0 0 0 0 0 0 1 0 0 0 0 0])
  ("data_path_2" .
   [0 0 0 0 0 0 0 0 0 0 2])
  ("data_path_23" .
   [0 0 0 0 0 0 0 0 0 1 0 0])
  ("grep" .
   [2 0 0 0])
  ("cmd_line_23" .
   [1 0 0 0 0 0 0 0 0 0 0])
  ("namespaces_list" .
   [0 0 0 0 0 0 0 0 0 0 0 1 0 0 0])
  ("namespace" .
   [0 0 0 0 0 0 0 0 1])
  ("NameError" .
   [0 0 0 1 0 0 0 0 0])
  ("ns" .
   [4 0])
  ("output_path" .
   [0 0 0 0 0 0 0 2 0 0 0])
  ("hadoop" .
   [1 0 0 0 0 0])
  ("fddddddd" .
   [0 0 0 1 0 0 0 0])))
